010111001000101000000000001001101111011010100010101100000100110111011010011010010001010101100101011110110000011001010110
11101101000001010110101100100010111110000010010001101
010011101101110111001010111100111011001010011000010000101001100101011011101011110000011000100011101000010100000000100011000101011110001110010101111000110001011001
000100111101010101000100000001111101110000110111110000001101000000111101101001010100000111100001100101011010100111010101111111001010011101100010101100111100
000100111101000011001010110000000110001111110101010000100000001000101110101111010100110000110010101101010110110100001110011001010100000000110000110011001011001
001001100000110010101101010011111001100100111110101010111010010001001110101111010100100011
00010011110110111000011110010101110110010000001110011010000100001000000011100
1100110010101000111010100110000100101001100001001010011111011010011000000110100000101001111110101001100001001000001001111111011001001001111110001111100
000110110111101101011100110100010000010000001100011100000100010100001000010100110000101101001011001001101000010100000000100010010010110011000100011101010011111001001001001000000111000100
000100111101010111000000100110100100101110001111011010101000101111000100000111110010100001010000100011101101000111100110100010000110111
0001001111010101000000000011001011001010111101110100000100011000010000010001000111000001001111011110110000111110111000100001001011100001110011001011101101001010100001100101011100101010100
000100111101010110111010100001001101110100111000010000000000001000011010011101101110101101110011001011100000101010011100000111100010100001000
1100000011011001111001110110100101010011001100000110101000001000010000101010011001000111110110000111101000010111111101000100111001011001001101111111010100100111
000011001010110000101000101110010011111110100001001111101101001010100110111000000110110011110000001100101011011001100101010001000001000100000000001010011001000000011001010000111110111100
11001010100111101010100111011100001101100001010110100101110010001011111101101001010100
010110101001011110010111010011100101001011110001010000100011100100010110011000100001000
01001001100010111001000010100001001110110101110010001111101101001100000101011000111111001010
000011001010110101011000011010010000000000011111001100101010011110110101000110101001100001010101001101
000011001010110101100111100110111100100100111000001010000101111111010001000000000001011101110010101111011000001001000000101110111100011101010011000111111001010100110111010100000001110011010100111001101
00010011110100001100101011010101011100101110110100101001111111000100001000010100110000100111111001010100101100011101001100101011011100001100101011000100011111011010011110010001001100010100001000111100000110111
0000110010101101110010010001101101111000100110010101101110000110010101101010010010000101111111110110010100110000000001010011000010000011001010110101000000110110111101101010100110010001011110111100
0001001111010101000000000011001011001010111101110100000100011000010000010001000111000001001111011110110100101010011001000101110011001011101100101001100001010001000011110001011100000101011001000110111010010
000100111101010100000100101010000010100111000101001100101011011100001100101011001000001000110000101000011001010110000010011011100100000010010101000001010011111001011000001101010011100100110110011011110010
1100000011011001111001110110100101010011001100000110101000001000010000101010011010100111110110100101110101110111010100010000100000011110110100001101010000100110111
11001100101010011010001001111000010100110000101010001010110001111011110110100000000000101111110000110100001101010011111011010010101000000011010010100001010010100001111001010100100001010000100110111
110100101100100111110110100011111100010101101001110101110010001011111101101001010100
01011010100101111001011101001110010100101111000101000010001110010001011001100010000100000001110000010110
0001001111011011100010000110100111001100110000001000101110100000100111111010100111111010000100110111010000001111010100100011
10111000100001101001110001010001011100000000100110100000100101010111001000101011110110110000110
0100111011011110111000100001101001110011101100101011111101100101001100001011001000101110001101110001011111110010100100100101100110001001110101010000000110010101101110010101010001011110001010000100010110010010
10101011000110011010100110000100111110000001101010011010101110010001011111101101001010100
010110101001011110010111010011100101001011110001010000100011100100010110011000100001000
00010011110100001100101011011000000101000010001011110010110010010000100001000010101001100000001011011001111111110010010011101010000010000000010111100010000101000000001000001010010101000101011101010111100
0111001011000000101111011000010100001000000011110001010101101000100001010011111011010000110001101111000010000001010011100010100110000100110001000111000111111
0101101110001110001010101101011101001001000100110110110010010010010010110011000100001000000101001000010100101001010010000000110101001100001001101001010100
11000000110110011110001011010100101111001011101001110010100101111000101000010000001010000100000010100001000
11100100010110011000100001000
11101011011110011001001000111110000010100000001101011110111010000101000000001000101101110100100001101000010100000001100000001110011010100110000110101111
010111010100001010000000010011100100100111001011100001100100100011010111100010000000010001000010000101010011
0100111011011101011011101111110101010000100011110100000110101001100001011100100000010101001111010101111
000100000111110010100100100100000010101110101110110010110101111101000100001101110001001111010011010100001001101110111110010110100001100001100101011010111000111011001011110000001100101011010100010110010011
00110010110010000110010101101011100010101010000100110001110000000000010111000011111011001010011000010011100010011110101011100100010100000000000011000101011110000010100000100011100
010011101101110000110010101100000000010010001001010111000011001001000110101111100000011010000001000001101000101011111101100001111000000110010100000110000010101101001111111100110010000000000
110000001101100111100010111110101001011101010011110101110000110010101100010000001010100110011001011000100001111000100
0001001111010101111011110111100010000100001110100001010000000010010111100
000011001010110110000001001111100001010011110100101110100100000010101111
1100000011011001111000000110010101101010100101111001011101001110010100101111000101000010001110010001011001100010000100000001110000010110
1100000011011001111001110110100101010011001100000110101000001000010000101010011110010110100001101010100000100000001100110100001100101011001110010
0100110001110000000000001001110000000100101010100000011001010110010000010011111111101101000010001110010101000001010001110110010100110000100000110010101100000001100100000000110010100000000000110010110010011
010111111001000101111010000110101000101110010001011111101101001010100010110101001011110010111010011100101001011110001010000100011100100010110011000100001000
110010101001111010101001110111000011011000010101101000001100101011011001100101010011101101001010100000011001010110101010010111100101110100111001010010111100010100001000
1101001011001001111101101000111111000101011010011100001100101011011001100101010011101101001010100000011001010110101010010111100101110100111001010010111100010100001000
010111111001000101111010000110101000101110010001011111101101001010100010110101001011110010111010011100101001011110001010000100011100100010110011000100001000